8
1
1
10
-5.725456798505041e-10
7.757263044229055e-09
3.85166135804179e-09
3.6729083648946217e-09
-1.011985666965786e-08
1.8053675464994618e-09
-7.056694162968271e-09
4.212008382490955e-09
-6.567759349122224e-09
-1.0605491912462969e-08
-1.791235007286251e-06
-1.4321261503761483e-06
-5.452910080735408e-07
-1.6472808729377607e-06
-1.0561119601429509e-07
-2.8982271677398847e-07
-8.635850597113229e-07
-4.1810142983318085e-06
-6.298908720207496e-09
-9.73254344461398e-09
-7.943615906526887e-09
4.440432880087253e-09
-5.174103205929076e-09
3.623903793369882e-09
3.9461105999526595e-09
-7.964512145060084e-09
-1.1189599241696672e-08
-9.182806317137063e-06
-2.5601166566067967e-06
-2.4851670411571552e-06
-9.96424874473994e-07
-1.6803905397567766e-06
-2.943194118191545e-06
2.089180904786011e-07
-7.675595513911145e-07
-9.142638923135649e-06
0.0038270150963341455
0.40356415502752196
2.4611182512168885
1.3678232911719292
0.3825430757293536
-1.1021844958639715
-0.2256060734298486
1.7303425442408282
0.718248430764099
-2.0908570273236234e-07
-3.7832562887614463e-06
-3.3155078351966544e-06
-1.6583223539134517e-06
-5.993953196005927e-06
1.981089341110997e-06
-7.7092252754115e-07
-4.791573028379948e-06
-4.488302400537234e-06
-3.728508328403851e-08
-1.1240480899880047e-06
-9.278916244453665e-07
-4.124270854865248e-07
-1.4898595778339e-06
2.2287942903145802e-07
-2.176589522966249e-07
-1.022944649222604e-06
-1.8043493047958118e-06
-2.0149651716606126e-08
-6.864177679671545e-07
-5.837376338730686e-07
-2.509203167282729e-07
-7.673053701089025e-07
2.321297716565526e-07
-1.1333394917684195e-07
-5.935542763260412e-07
-1.0945503187320576e-06
-1.4049830441555478e-08
-1.2419054166313134e-06
-9.820363659530844e-07
-3.8468704673910916e-07
-1.3149602120786608e-06
-1.1310632100980774e-07
-2.4244120928838543e-07
-6.876236884182578e-07
-2.780884489507447e-06
0.011054799149849089
-0.2865261845887909
1.5954759422125409
1.1577035211837092
2.1649978493395348
-5.11118183738752
-1.8739216210655782
0.026995687835970013
-0.20948043204849293
1.8430828279147017e-09
0.20566918577
1.4612350141804985e-06
0.20566918577
-8.57268292183536e-09
0.20566918577
5.679475553258897e-06
0.20566918577
3.6059071643123275
0.20566918577
-4.5778667208299554e-07
0.20566918577
8.056281560389924e-06
0.20566918577
-5.1048100868314425e-08
0.20566918577
5.009242986771482e-06
0.20566918577
6.19096246928148
0.20566918577
