8
1
2
10
8
-0.03566306367720777
0.5391644127159065
-0.3991907148257031
-0.32506383569444747
-1.399605114620389
2.0670781581245365
1.0201444183906379
0.36328954505533173
0.4253981604441519
0.030538005960140537
0.2720948974207676
-0.27156439137317934
0.45629793219385645
0.5859628426127268
-1.6693032954305822
-1.174406176818924
0.42454770453605434
0.21915820796718835
-0.008285977036133043
-1.1057373850746184
0.7752075533502867
-1.0231983034146066
-0.44050513924237517
0.6985137251447092
0.11177527783771146
1.03392443714785
1.5126336546648604
-0.0008767987906393422
0.0006055689329140068
-0.0005804359513336511
-0.000410960345865734
-0.0009293968336359312
0.00014469159428001063
0.0009235780006634346
0.0002758019461547654
-0.0007312624927581381
0.03882783041483598
0.7278518792750162
0.8466745849961933
1.4637532354823746
0.06098086234145462
-0.20193360805472357
-0.12172016526562435
0.7157263360783982
-0.03541738400665591
-0.002000180108261382
-0.0009060365223838957
-0.0006638473345131418
-0.0007773093377898945
0.0023330171377574766
0.0016999454926320573
0.0011837610259877306
0.001369067230352572
-0.009222333966285712
-0.17628763457416127
-0.592378975194121
-0.1493059097903094
1.0327305645115379
1.3540314102809772
-2.6587064626911148
0.8134313107616328
-0.417273191977254
0.24522608729278417
-0.0005585600501175784
-0.0007154561253919885
-0.00040136591794002406
1.1779883700494894e-05
0.0005510363721126332
-0.0007674690056801601
-0.00033588957218272256
-0.0007322424871307649
0.00021457125458574437
-0.0003626856653268686
0.0005399093566068619
0.00012562053448322814
0.00033158236478029584
-0.0005237396026911388
0.0001387652352104181
-0.0005956284461669004
-0.0002816879309780491
-0.0003023999000777363
-0.09623306054773531
-0.012186534641270544
0.0059525087580290055
0.00726974291215462
-0.046745973846035765
-0.1665389273391727
-0.03363911479147255
0.07939903089008296
-0.060169369575301675
0.027560224775999446
-0.0010089372653688993
0.09750338062294601
-2.6196341916183498e-05
0.0396736591841668
0.00021098296979815402
-0.060644707560610425
2.6276119202061606e-05
-0.0002733090595699791
0.004835321672627441
0.04643029581544483
-0.0008817485035186229
-0.0005341048241835749
-0.0008494728208600848
-0.00022034998692206819
-0.00038632100440720666
-0.0003374610860309224
0.0007253935646718216
-0.0008430019546965547
-0.000880345974000405
0.00023106617401512952
-0.0005185973328105738
-2.7215484242620573
2.118688886489089
0.14552549988658578
-0.0006796561589191664
0.16836108000430405
-0.0022970240861373515
1.318646249114536
-0.0005730666806815683
0.0008173234323286216
0.06462540657128112
0.302604527549884
0.30803018869673987
-0.5956770042611167
1.3223938780073115
-7.254492441618272e-05
-1.830765696364765
-0.00043653372586688924
-2.6176396525640957
-0.0004887469237447147
-0.00022770928045166334
-0.014179032140728827
0.785271715094453
0.005418457043960721
0.003171333798160207
0.016157775903490657
-0.00018689700272391514
0.00437884736274772
0.0007561346487099461
-0.004616086671158613
0.0006008219283098113
0.00014911591462711
-0.0001294245206596519
0.003627928905386148
0.23020960957540826
0.23850173607735878
1.308031234673435
9.742104366198909e-05
-0.08259115803550528
-0.0004750848684525215
-0.60378227564335
0.0006080650214460259
0.0007486389596281301
0.1332745283939121
0.3567919271308138
-6.443022510194825e-05
-3.1000611557996546e-06
0.0005445953684231978
-0.00047967851575483227
-0.0008923717923567323
-0.0003622569087514681
-0.0002509527204164018
0.0004376185115265422
-0.00018564218974538902
-0.0002059342334859258
-0.0006149368131526705
0.3224255664191865
0.3020645750585717
1.7489279812686775
-0.0007139477675459154
0.09600810159220528
-0.0010823069619963458
-0.9674345812658005
0.0006930746311287682
0.00048335357975687055
0.4716052491997063
0.8129818381222391
0.11558656545762531
1.00267175715
0.0006355571887467901
1.00267175715
3.6445372290181064
1.00267175715
-3.559570068957162
1.00267175715
0.016380584166460894
1.00267175715
1.4653565150986907
1.00267175715
-0.000797032262871846
1.00267175715
2.0611190650513853
1.00267175715
