12
1
2
20
10
-0.004413815801592843
0.004394078672253352
-0.004577629396012894
9.762395055194659e-05
0.0064302423039154025
-0.013073492579386382
-0.0038622468984698005
0.002032158213412321
-0.05603429869070622
-0.007004316978357362
0.02205109421427154
-0.021979996745430996
0.00017122658519371398
-0.16553699972913208
-1.2301770815562818e-05
0.013186884505360633
0.0004768706008640891
0.014947270472976611
0.06911335632660376
0.006296968884542944
-0.01820111586351144
-0.1263695817197567
0.01828698850323385
-0.16957299264104717
-0.1844579601991846
0.001861215296021546
0.1348839036628484
-0.07683946140988472
-0.0908868783023571
-0.021367246872777405
-0.13345395256363737
0.020717091411344486
0.16513295709665404
-0.42976736787091885
-0.0054742851238323365
0.13690194072324333
-0.02091339084343288
1.097487101046411
0.033982854052380135
-1.7763713922171401e-06
-2.5052754194854005e-06
-9.33729753417219e-08
2.7778555264210643e-06
6.017097670844087e-07
-2.8007608385455368e-05
-1.4882128966235738e-06
-3.905518854825726e-06
-4.251095880678123e-05
-1.016093043909385e-05
-0.00013711883184920292
-4.650241804273728e-08
3.1732637450227173e-06
3.3737370736935426e-06
-1.790461528891816e-06
-2.0776996116402066e-06
-1.0355640947245773e-07
-4.103354252054582e-06
-2.832850535569467e-06
8.44670457066537e-07
-2.988066693168999e-07
-3.3032902266168845e-06
2.2346324363091315e-06
1.666805003460389e-06
-3.16213082507868e-06
-3.059754954623601e-06
2.580499655816046e-06
-4.0779242421792525e-06
5.794201264571928e-07
-1.9891198518594096e-06
-4.3138930711485495e-06
-8.782299120517485e-06
1.5853794448252907e-06
-2.5314156115087674e-06
-3.7773980929523e-05
9.140222655915359e-07
-2.575579775962757e-06
-3.236071037882365e-06
-2.8765470186260166e-06
0.11863824578032921
-0.08475423377961797
0.04672647271620692
-0.001041435540790366
-0.06499443024778599
-0.04331804723362596
0.02466940908258252
-0.022912760058116773
-0.056357147501134935
0.05281563909803688
-0.015244057590852424
0.3475257277700029
-0.0024261805413688456
2.501690575782202e-06
6.798807570057676e-07
-4.413200382132742e-06
1.0904785009871978e-06
1.1380051031433613e-06
-1.0210510136215872e-06
3.794740530974889e-06
-3.1876457114080743e-06
-5.512828806845362e-06
1.975775124135719e-06
-8.093708118629975e-07
-2.5812290936506843e-06
2.8884943796515784e-06
-0.00441088960776132
-0.04475865483531376
0.17660243948633925
-0.0013550375165857762
-0.13796605619305713
0.011510221653684613
0.1071465044614612
-0.09862399031051292
-0.05711152592070209
0.18678056653184574
-0.05639440412658518
0.5150034234926059
-0.0007052384419529653
-4.247876923205754e-06
-2.89676816903318e-06
4.230644853837436e-06
3.491041030151145e-07
1.9563954894987674e-06
3.2164922485560774e-06
-3.334730163293944e-06
1.1633403686881178e-06
-2.276027144675987e-06
-1.473492956560297e-07
-1.7473048661459508e-06
-3.112736876583743e-06
-1.909766825411754e-06
-2.1140269643850773e-07
-2.509362920389308e-06
-3.521809052475967e-06
-2.5518724340973095e-06
-3.2315985558574524e-06
1.9542577315963427e-06
-2.0137195037639234e-06
-1.1043844813839114e-06
-4.552892512685457e-06
4.473593237987911e-06
-1.6670232915374443e-06
-2.872575482546937e-06
4.422569635374648e-06
3.79634691418893e-07
-6.846332705783436e-07
3.066501403325557e-06
9.762861997167223e-07
1.734615558439201e-06
-4.312382748168373e-06
3.459830391098997e-06
-4.396742729388694e-06
5.8056419864384e-07
-4.305500137224241e-06
-4.3262858398316715e-06
5.695610893658078e-07
-1.6900460616251207e-06
-0.12467855549766281
0.1209560061875311
0.011266131144960211
0.0008841145788754515
0.10047096913323893
-0.44735523865826415
0.03963238871188202
-0.05253703012925174
-0.39545275372268207
0.04111477159918233
0.7761084528669976
0.009454429250284583
0.007356493906834914
0.037840147494082814
0.13614363112158218
-0.024250965749742847
-0.0008357870856158136
-0.01425232972611932
-0.14265580004676318
0.0104019997510227
-0.017138325832970785
-0.27892965648485485
-0.0007877340225611454
0.05275269077640857
0.07439822219707161
-0.0010262951663424838
-4.004801164573664e-06
-1.9082780140343333e-06
-6.192009649681354e-06
-3.7719724463217946e-07
-1.0934063859174232e-06
6.953657769497282e-06
4.729711094963469e-06
-1.7214394104844859e-06
-0.00012669825350478112
2.799083051478055e-07
-8.960457175748038e-06
-5.800539430328682e-06
1.7168048660571217e-06
-2.5507243991997203e-06
1.9878795661726772e-06
1.7659597475700476e-06
-4.0518966672718976e-06
-1.1272690573421324e-07
-7.450151939818093e-06
-2.7915544033799925e-06
-1.0960225728742162e-06
-9.170789369395785e-06
-2.853300002090933e-06
4.358589715327346e-06
-6.032530121288611e-07
-1.087882433943534e-06
-0.1424507416134063
-0.08105399608280917
0.04390300826341292
-0.036503511016046666
1.4750551491562536
-0.08410838579507955
-0.35079396342278746
0.15359487433282418
0.10042104967602687
-0.19068856261314415
-0.004807209353532166
-0.31346920957708296
0.17805537496914675
-4.038208655015668e-06
-2.9980432363116857e-06
7.413520750316203e-07
-2.394393774158682e-06
1.8244540298210844e-07
-2.7395742040851963e-05
-3.7440796121334674e-06
4.695169682421041e-07
-3.2282927456198585e-05
-2.7943212961192837e-07
-9.938760030468979e-05
-7.280101404217828e-06
9.922196084306159e-07
-0.09669077552200084
-0.21175964083260054
0.09660626886550915
0.013093675833941536
-0.8480732323621059
-0.21347218929294545
0.24721857913870646
-0.1561446549257979
0.21277293576174808
0.25316121704575667
-0.03333203054775974
0.8083163756679592
-0.0870980559992697
1.2151950998485044e-06
3.971927538742957e-07
-1.4126861034507983e-06
-4.091979692960849e-06
1.3561608962182095e-06
-2.3722903727615838e-06
4.061395366774828e-06
-1.6254515553000863e-06
-2.1098432222457126e-05
3.145658230951797e-06
-3.5297023015478194e-06
-1.8349341603548022e-06
1.1033479704726385e-07
-0.023659666079181466
-0.11347793152251619
-0.040182627070997776
3.9693808764837356e-05
4.0361420964572856e-06
3.694406621976794e-07
-0.06728208478916044
-4.4257524485684475e-06
-0.0033279096811039853
-1.5222302801223683e-06
2.4945181815026384e-06
-3.411118429065045e-06
-0.007626957907040261
-0.07369818373257524
4.637295192001636e-06
-1.3236920951210497e-05
-0.03953146246473024
5.65455192901902e-05
-0.06500418915510753
-1.7062767693015545e-06
-0.018055435312969482
4.176165041073855e-06
8.079140910811114e-06
-8.286722477549522e-06
-1.2033284456550622e-06
-2.792016066630186e-06
3.30435352823477e-06
-4.0608129312698644e-06
-1.3256400268652221e-06
-9.651931165102227e-06
4.558818638479017e-06
4.057969768860653e-06
-8.95505097468731e-07
-3.233955240283293e-06
-2.2428961479177737e-07
6.178146010325842e-07
5.959881708523723e-06
-2.8188988160762447e-07
-2.5868286341702607e-06
-1.1388574599484338e-05
3.5440788798251823e-06
2.993417859559604e-06
0.0002995002625368399
-2.317653937596918e-06
-0.12891784443882628
-3.5890480011132587e-06
-1.5762605509486611e-06
-3.7533538672120695e-06
-4.45731035307095e-06
-3.0827629194928476e-06
-0.00032329348189086466
-3.721628213685731e-06
-3.230855541237923e-06
-7.136757395811472e-07
0.19801672999320888
0.0005542332702084954
-2.9202879970166995e-06
4.389761247559637e-06
0.44995044442995236
-3.7167547545860283e-06
-0.016425902021888806
-4.068548569694379e-06
0.03462565118484861
-0.0003204698455372192
-0.0015269990488092958
-0.0005437731696863247
1.2174304279320445e-06
2.838902825943808e-07
-2.5940359191237062e-06
-0.000909232152165607
-1.3460291285790985e-06
-4.731117234455696e-05
-2.2964944486905946e-06
2.858527249387999e-06
-1.7882946126376063e-07
-0.00010019376318204059
-0.0009941366425711604
3.7754277707978805e-06
5.837162685351044e-07
-0.0005288435378728692
-7.74599677115238e-07
-0.0008770269969661769
3.4862666261320082e-06
-0.00024608163244212253
0.001650047620960907
-0.05426767701409279
-0.28669986775874534
2.5024281734385787e-05
-1.3776135687813244e-06
1.0346153272357092e-06
-0.04105793219567912
-9.572743486948633e-08
-0.008492197192840336
-3.687792302810717e-06
6.274339657344704e-07
3.388444339228168e-06
-0.015350136213424823
-0.01785836860033703
-3.551006363764857e-05
-8.482374578134634e-05
0.3624125437355839
3.498068651607004e-05
-0.11623894294745177
1.3583781077357634e-06
-0.024696196082214454
0.05455984751301859
0.0027246423727301287
0.8894966354627656
6.955472810040541e-06
6.63701220632628e-07
-3.630516924632582e-06
0.001616914922144899
8.974972951120372e-07
0.10124837171429114
4.311729099045984e-06
1.4102106047401912e-06
-5.853738338901978e-07
-0.03044767599188128
0.1511252310960304
8.207127821298827e-07
5.973760327318919e-06
1.4025467439449197
1.3722073197118294e-05
-0.7119707242753642
-3.8207808359159213e-07
0.14786012777969507
-3.3083774224607724e-06
1.2112617873839856e-05
-2.623272867198341e-05
-8.218943082873735e-06
3.459044264013767e-06
-4.394424866187205e-07
-5.711498615981734e-06
1.3716663572946198e-06
-2.705322868967854e-05
-4.1764468444416314e-07
-3.2627463228083543e-06
-3.0737782414669916e-07
-1.493062374919831e-05
-1.666332038200981e-06
4.423060979605232e-06
1.4831097133338027e-05
2.1883565757075637e-06
-8.708967183799037e-06
-2.6653162512138756e-05
4.339863435452088e-08
3.6352213292684172e-06
-0.012786753119702237
-0.06133231242368309
-0.0216619520070103
4.1326287606460136e-05
1.0371201418157989e-07
-2.1638339889149747e-06
-0.0363224347760798
3.2188463873712594e-06
-0.0017414683417820483
3.064922176896355e-06
3.220546995630034e-06
1.9519881412521865e-06
-0.00407786080818355
-0.0398023540844085
9.965900022359345e-07
-1.58329423325631e-05
-0.021364372700083473
6.718503513335032e-05
-0.03508797389232052
2.0058492527041667e-06
-0.00975417576037914
-0.001941621927537617
-0.009408132368372292
-0.003183851584340741
2.4641452654047996e-05
7.236688849472322e-07
1.0036890134309037e-05
-0.005507470850052815
2.290422887970297e-06
-0.00015122002536556501
3.638372932022581e-06
2.002052495825401e-06
3.5148388775795612e-06
-0.0005774810244814403
-0.006056938471589952
-8.533470933222245e-06
-5.151427483887376e-05
-0.0032778516447949722
3.850893864216781e-05
-0.005243353530155015
-2.235629745067104e-06
-0.0014870589784761262
-0.0027242930990469916
0.01613120052089849
-0.019462412075491896
-1.5560213535937731e-06
-6.231511642926152e-07
-1.0227796880104633e-05
-0.07405198078483097
-3.510364354751023e-06
-0.018896405819844253
2.5055400239225586e-06
3.134622875900148e-06
-3.4314411102607495e-06
-0.010070149536179686
0.010385145584743532
-1.1814267783259697e-05
4.17447502162249e-05
-0.014640434374602771
3.694044462409309e-05
-0.03382323494197964
3.6665383241255896e-06
0.0013520218055895728
0.06537967519480037
0.518280426015
-0.0002495890441206985
0.518280426015
0.47818001775916713
0.518280426015
0.0037359069003519555
0.518280426015
0.45329476233799487
0.518280426015
1.7473335914478403
0.518280426015
-0.00028232538261604686
0.518280426015
0.07421982877453287
0.518280426015
0.04459691467388124
0.518280426015
0.029795343014602467
0.518280426015
