24
3
2
8
5
0.7853305244532407
-1.2184931745729881
-3.923749395243636
-0.5681814968440688
-1.5919206330056537
1.2355220281722892
-2.7224726263073955
0.26200311715956687
-1.8157412250145346
-0.1903780646389638
7.538945533646578
3.0895577047346485
3.524404362790542
-2.724848568278366
-0.4406567199038132
-1.151933455382152
1.322203661774464
-0.0194906730930204
-2.999335234738841
-4.619584864421714
-0.7311792310272242
0.08257621020538683
5.638978798565112
2.056792252335728
-14.260761789476103
-0.16889069768552742
-0.41549901072402673
0.16064851958147117
-9.386627981173694
5.1838861050058425
-1.1839664145095796
5.302979517092988
-0.0677850127852894
-0.2223753927921197
1.4078874639693328
5.107503531126711
0.6229498100400626
0.14011640782569046
1.6495060602987788
3.232966883939203
-1.8987172530076082
1.6113433312405492
-0.7785251933999816
5.202795803022441
-3.181856816674793
-1.8783230967816364
2.3511915252935025
-0.5221371689796267
-3.4718392690183606
-1.0591044094280937
-0.8093558119578733
0.38089720057590126
1.414549025679138
0.7665228709352289
1.0661193890145468
1.4062473132782671
-4.771161626287697
0.8468587462906928
-0.09403671882229672
-0.8286192846194268
-8.22149373646222
-0.9979991541607861
3.2861933705346926
0.0667144004713495
-0.8958061135226089
0.509911639779102
0.3544536860345909
-0.31958637305007503
-10.242721917194828
2.417396472212271
3.296246904416631
-0.9608460625362846
1.4391956159728876
1.9529459511745746
-1.0300579126834022
-0.394532662617236
2.6971314527081898
-3.8989870912165543
0.4419507858627444
-4.115593795792473
-0.6897774210589188
-4.779158346758698
-2.8473520667532046
2.2219598072795397
-1.6157048199102613
4.353403843328087
-5.643848141255175
-1.2002667450392692
-5.382683405213317
-2.235749904562417
-0.5737792140496176
1.995698668210386
5.972784485479179
-1.0744127662545475
5.784370523785723
-3.097245917222433
-2.695721146311445
-1.514459849743491
1.1375865528530236
-0.45760286976763964
6.460112103593645
5.781893963021813
11.394048361226192
13.610710427020766
0.38120873127250615
5.154778728996732
-7.3356357043692695
-2.3590733152034176
0.5757839979288245
-4.379897019629894
7.636108411890687
5.777596560918245
4.354955547793137
-2.214875353828488
0.4612742712178279
-6.701825330947117
0.4428860345519076
-4.712538204313095
-1.137686114032396
0.6660629612805387
0.08572992043864645
-8.918915792281444
-3.845589789361185
1.0714090808021801
1.038568530679445
-1.729816919194213
1.1063034163842485
-5.422962818285124
2.701115296233043
3.408156008537116
4.687258250336475
0.4778656855260027
2.572530296756101
-9.09349851614062
-1.5656905198781488
-2.6921000884065434
6.748397430873866
5.046787455824838
4.532876556270835
-2.5388916972412376
-4.408063594924424
4.425373170131941
0.6182973224383658
6.984490684838169
-0.34107829940785983
-1.1443567205034877
1.2622528240958786
0.12377586012321778
-1.6553583982897844
-0.054188165782749695
3.798876696081829
0.7970200236520255
1.116483847759263
-2.0375306453227098
2.4391900008779643
-0.1223140408753171
-2.0184587330159323
2.36805525010948
-2.1102764259362985
-1.3869096290597522
0.24290024149727524
0.4223609233688471
3.4477752376569053
-0.5734532151017034
3.6249195951570448
-0.3530129257366419
-2.528905729495083
-1.6486109837660925
1.6049526365847289
4.357194923434608
-4.374639501689487
0.19026580538816518
6.055057199195938
-1.3373674933086708
14.316550046170098
-0.5660295435132829
-0.650075588575674
-3.219661308373157
0.46769850302567967
-1.9447385280893619
0.3261324856463129
2.2648692748765193
0.502797014950129
-0.19279032903198262
0.9328555272438257
-1.5340284153513937
4.2331684285437925
-0.46499048761430894
1.1968873911198916
3.5188565557253817
-0.6540419755310825
-0.9744671925254469
0.9006653190184
1.1518647443229746
-11.998891615560227
8.945144168492217
-5.868362879396157
3.814099451514368
0.0041941462355980785
4.893218370898469
-3.0421181502245505
1.0172859324160928
2.8038184957671604
1.6812868712090094
-2.844874002547501
-0.6977160779957324
-2.1322149846408336
1.0411928943666429
-15.976801204292945
1.95229298280247
-0.8352953169335167
-2.498288946810396
4.900225879758
-5.732989344064182
2.2700243135013154
-3.7728441646302535
1.3901826581472585
7.034582816328534
-0.6393824696377772
-0.06861964214920402
-0.565083508398601
-0.18793983414900506
-0.39816144257469466
-0.06838554264664332
-0.7622763517236402
-0.28716096131105506
-0.4411261606100676
2.172414266664501
-0.2743657138324689
-1.1425088654837
0.004747898622379655
2.2037674879353646
0.3271699206896483
-5.407956975233103
-0.7275694878564655
-5.4290544494096755
1.0959255742616258
4.325880093659945
-0.9291826408106014
-0.7920268942935624
1.6729761438103699
2.15268039459118
-0.5337195086778181
0.6404272751032957
-4.854056429441227
-0.13043584502099115
0.030328444643692543
-0.978304190994113
-0.1857789323400409
-0.010299579666763568
200.79199288157818
-0.017679801352995062
0.00412943374708789
-0.1436514206147268
-0.024441236339699437
-0.0022012801133463235
13.192332847728915
-0.09348687542511339
0.02227679767007936
-0.9749224450196943
-0.1114793662862797
-0.009150848510321535
112.36423181522471
