3
2
7
7
7
7
7
7
7
7
2
-0.3528348166536204
1.9559575448967959
1.1433973025463156
-1.6577780693442201
-2.2326718593708916
-0.5470219184052952
0.4856994776545475
-0.42031464530419677
-1.558058169525554
1.7612824261741724
-0.5359822797863205
-1.878917995955941
1.7777791049956742
-0.6065066363474836
-0.9761681020943891
0.26349021946309725
-1.09441334707485
0.34027647439225756
0.7601486975388039
-2.4294835683933784
0.16154441939117375
-0.07688219991624776
-0.9624348225583579
-0.5286613343452314
0.4008193374790013
0.6973339248134505
0.5807472392047031
2.7131447535350985
1.559667397759559
-2.260248780913099
-1.2487065940525854
1.0996767529485263
-0.1039099997812049
-0.8214310947992649
0.6714070083761408
1.7396172475009146
0.2558253454060414
0.2507950894160286
-0.10265127784284532
0.39983346652721347
-0.014261938092206251
-0.9746253820391804
-0.7115656006875563
0.9615416074061882
1.3773091099326926
-2.5211630636061577
-1.707969146228301
0.3176272749268015
1.2992483025498693
1.2133375953007983
1.0063964717290792
0.2751689831705439
0.1663735470796282
1.2491525179264618
0.007451313213387342
-1.7950285729035944
2.5866399835484484
-0.07642874936493188
-1.1886820014479254
1.2307565073306517
0.7029708790228182
1.1314600944359032
0.8404865990677685
1.720411235860816
-0.6895559663214753
0.3523420773831035
0.01703842475082834
0.49898044470382535
0.39442892138596064
-2.028690488722709
2.4717891232515514
-0.3875909560600371
-0.03866053144854948
1.1180545573246645
1.0869038887055178
1.0829865051908794
0.9646696244126733
0.10543131916407528
0.2023183384372505
0.7754984338630225
-0.7013866548035039
-0.5183414013638216
0.04460831092731452
-1.199330061954613
0.26811491219017736
-1.16083736953553
0.521020116690703
-0.14133749134707982
0.17811780327174181
0.4011631287971729
-0.27145530870625795
-1.665369742093038
-1.8088867019377788
-0.04155440205742399
-0.73558607803834
0.02845282326638169
-0.7156574607311248
0.829330085742632
-2.300539274262331
0.19819550591239427
0.16353617711586815
-0.9220135365423113
-0.10464420423955473
-0.36146032663968397
-1.5641343849774407
0.6113387879787826
0.47131059170363865
2.088633834616584
-0.207895797949756
2.32432860795259
-0.7551937598108294
0.23804754791428331
1.8941509081069958
0.09371483752385215
-1.7730234978799564
-0.49908468052452887
1.2828131140668164
0.8479675752055079
-0.15930391447150324
0.34680780408583844
0.19480869069076193
-0.181765123625747
-0.14825528312732378
-0.593628133783762
-1.7315879489567332
2.5184196821819995
0.7242623789186438
-0.29014955054234565
-0.737294702848045
-0.6139995407679645
1.2903554438100107
-1.0597393639976795
0.22135803313121058
1.8198179904183902
0.03172383471486266
0.1691189596910557
0.7256351242422632
1.1820187448561923
0.4039906707613725
0.38393256318479896
-0.9900314615652259
-0.33814773108933316
0.14980838502089613
-0.6058798466869234
1.017932698544326
-1.4622882010926428
2.1142778133986235
-0.6781978977472681
0.9570918883282205
0.12075850622830021
-0.14734270307131042
0.7897573804206078
0.3202769424536056
-0.6286793578600681
0.12568042987678824
-1.0836203497481698
1.7057202568176606
0.15423293229869348
-0.7242968468449276
-1.143007971166167
0.6923777318703002
-1.1448667181405128
0.17079449157412435
-0.6379322822414405
0.6454856438805728
-0.32949841984703304
1.4521928548637555
0.07211761235542212
-1.7052672136274383
-0.20550818361226167
0.8585713072264165
2.451610223049242
0.273407310703055
-1.8968434475929883
-1.5540483322726253
-1.0477468839729451
1.3337608500142402
0.3385547015518968
0.21208431942445108
0.09794752415947174
-0.40761203922494055
-1.3272893108812494
0.6365143321142395
-0.8732217091699146
-0.005647529053600589
0.13654943719896467
0.350589444259748
0.14564606270782957
-0.7041575284896925
0.46690139865428165
-0.7245969593355577
-0.7500091373097767
-1.610842822250331
0.45647255371571444
-0.8873375031218887
-0.5165612413718077
0.1187673035846631
1.796191495132922
-0.0727755283223563
0.002149089225265943
1.53661312588996
-0.0070219231940861545
-0.492960891043986
-0.43661330328167564
-1.78150822920828
1.708079604939753
0.1767779541072977
-1.3188859588884305
1.4266107301633362
0.7708353571318761
1.1799673201404075
0.5073575343118385
-1.3009069605394288
1.0184290851254
-1.5181227613330996
-0.9441202792561926
1.2024481574070438
0.8036396521712257
0.6462426906386538
0.2583608219369966
-1.548788002805192
-0.18884440088477528
-0.24797220709512083
2.449898061444665
1.502338392864408
0.9862615935707465
0.31460856224162265
0.5751925235477547
1.0255446648413293
0.29704030187409036
0.6185100923873593
-1.0059201932544704
-1.4295382718683634
1.380326884707409
-0.2164728387283929
-0.21806074891700009
0.7506062971555694
1.1448432449699906
0.47764250021054677
0.050262503913353254
-1.9936529937061884
0.24741959300762825
0.7638518656275677
-0.5874164093979325
-0.061678242543028665
-0.3851618179189983
2.721251046149485
-1.5563787963385782
-0.41940526702039577
-0.5022256731570288
0.09771879815104112
-0.2516528780801847
-0.3772700009227113
-0.7473948283623627
-0.5458559923373983
1.135867130903283
-0.5182798631144342
-0.4170948121977989
-0.18591219450411778
1.7056962449214768
-0.34613795796039526
0.8141710305908711
0.8344074592525451
1.714678044185084
-0.45044218712964146
-0.7891171621843683
-0.8452080988624086
-1.0113805312053692
0.5201504463601477
0.01205818250870032
-1.0960437254730184
0.014929331351888729
1.5654208891885515
0.2349180608376902
0.46679733367345555
0.21329292825942178
1.024710753706986
-1.4749540154176235
-0.01357505492219862
0.30606927628489405
0.7124455066422356
-0.3491088428775961
-0.06428992576328084
1.2903108142464361
-1.2138385933942453
1.264539468704151
-1.3322835471659373
0.8961050957845864
0.3863301633392725
-0.4700163356654308
1.285953166918362
-0.011822885645294679
-1.4592839063918697
-0.030910202117138536
0.07274951517152921
-1.4470570873627107
0.05351771972628037
-0.25390681292012796
0.4445408256100495
1.2730930829659086
-0.3511149268821469
0.15118273502175905
0.1717216428272092
0.7583362325869747
0.8183466551267427
-0.3719533640621291
0.0513163149708569
0.42802656158447133
0.050282012917543126
-1.2581516577210807
0.146376904605495
0.8882431541512062
-1.6393505740262826
0.6350367002065972
1.316148601982069
0.3464553182822121
-0.07993754577183924
0.43971384625199605
-2.252705545413282
-2.7772983566669622
1.5532212015801925
-0.45630580978399404
-0.7296935477742895
-1.3211476259514805
-0.30850939537076505
-0.2888209595065143
-0.10905742600726505
1.5076981847636362
0.23132405358867053
0.9779288505844355
0.9490045709045924
1.310732788186764
-0.10991794180326081
0.7580169054200449
0.3635785406731437
-0.08747671035316212
-0.3422410391272714
0.9117543967208307
-1.0423863803400186
-2.9799614006464985
0.2488489853962003
0.5491470696246301
-0.5008183116282244
0.7463896414872395
1.6593381081775644
-0.27179303314427933
0.5652298297291691
0.12145654176516447
1.1605405747654551
-0.8251095428497524
-2.1241330688885824
0.11553507181913435
0.09039114480301928
1.699927111086773
0.35009246936060195
0.8485930847732132
-0.4696625675683796
0.12423472640233553
0.6113730807742513
0.5535355420386775
1.371822302293077
0.7542955231534506
0.055258435992089336
-1.0409318493491688
0.5230276284116107
-1.9785055061883063
0.4013501859931017
-1.3744398243021028
1.0218230263687125
0.5430895493628259
-1.329257153263263
-1.3473625594217777
-0.4459820234419538
-1.341001657296302
0.9221900174831539
-2.318455111217572
1.1114340507079634
-1.212522269008223
-0.15322039769686208
-0.5040887451607635
